- child_frame_id: px100/base_link
  frame_id: camera_color_optical_frame
  qw: 0.17051890409755777
  qx: 0.7157127760765694
  qy: -0.651981755406687
  qz: 0.18329843458947778
  x: -0.057528652297575394
  y: 0.006828672698368704
  z: 0.5453757581541744
